      0/49     2.22G   0.05922  0.008036   0.03465    0.1019        45       640   0.04304    0.1044   0.02247  0.006021    0.0937  0.009782   0.03832
      1/49     13.8G   0.04153    0.0066   0.03089   0.07903        40       640     0.179    0.3564     0.163    0.1022   0.07914   0.00815   0.03571
      2/49     10.9G   0.03777  0.005415   0.02619   0.06938        27       640    0.1659    0.4039    0.1666    0.1035   0.08672  0.007995   0.03526
      3/49     13.4G   0.03914  0.005242    0.0244   0.06878        41       640     0.287    0.3935    0.2607     0.183   0.07389  0.007675    0.0315
      4/49     13.4G   0.03569   0.00514     0.022   0.06283        40       640    0.3844    0.4722    0.3222    0.2304    0.0715  0.007673   0.03003
      5/49     13.4G   0.03324  0.005057   0.02071   0.05901        52       640    0.3632    0.5288    0.3711    0.2696    0.0719  0.007429   0.03944
      6/49     13.4G   0.03188  0.004908   0.01866   0.05545        54       640    0.3936    0.5013     0.401    0.2835   0.06292  0.008601    0.0289
      7/49     2.61G     0.031  0.004881   0.01812     0.054        45       640    0.4592    0.5072    0.4535    0.3265   0.05909  0.008759   0.02718
      8/49     11.6G   0.03066  0.004952   0.01777   0.05338        40       640    0.4512     0.493    0.4238     0.304   0.06238  0.008269    0.0282
      9/49     11.6G   0.02938   0.00474   0.01656   0.05068        27       640    0.5391    0.5079    0.4765    0.3387   0.05738    0.0085   0.02868
     10/49     11.6G   0.02838  0.004668   0.01587   0.04893        41       640    0.4979    0.5865     0.515    0.3737   0.05475  0.008333   0.02848
     11/49     11.6G   0.02713  0.004612   0.01507   0.04681        40       640    0.4781    0.5852    0.5369    0.3921   0.05424  0.008317   0.02559
     12/49     11.6G   0.02696  0.004538   0.01461   0.04611        52       640    0.5675    0.5796    0.5767    0.4259   0.05206  0.008137   0.02485
     13/49     11.6G   0.02744   0.00449   0.01344   0.04538        54       640    0.5487    0.5871     0.575     0.425   0.05325  0.008004   0.02337
     14/49     11.6G   0.02791  0.004477   0.01382    0.0462        49       640    0.5267    0.5896    0.5505    0.3935   0.05412  0.008305   0.02456
     15/49     11.6G   0.02716   0.00456   0.01342   0.04513        44       640    0.5939    0.5731    0.5996    0.4418   0.05313  0.008177    0.0229
     16/49     11.6G   0.02638  0.004306   0.01204   0.04273        30       640    0.6389    0.5488     0.607    0.4483    0.0528  0.007861    0.0219
     17/49     11.6G   0.02655  0.004302   0.01192   0.04277        60       640    0.6282     0.622    0.6361    0.4653   0.05059  0.008062   0.02159
     18/49     11.6G     0.025   0.00422   0.01107   0.04029        47       640    0.6549    0.6056    0.6569    0.4869   0.04979    0.0079   0.02075
     19/49     11.6G   0.02505  0.004117   0.01069   0.03986        42       640    0.6126    0.6764    0.6598    0.4927   0.04926  0.007964   0.02016
     20/49     11.6G   0.02474  0.004042   0.01072   0.03949        52       640    0.7009    0.6379    0.6834    0.5136   0.04817  0.008023   0.02129
     21/49     11.6G   0.02402  0.003979  0.009929   0.03793        52       640     0.747    0.6383    0.6959    0.5151   0.04694  0.008294   0.01942
     22/49     11.6G    0.0236  0.003886  0.009235   0.03672        44       640     0.808    0.6177    0.7146    0.5324   0.04521  0.008432   0.01911
     23/49     11.6G   0.02393  0.004003  0.009419   0.03736        32       640    0.7816    0.6565    0.7294     0.549    0.0443  0.008529   0.01802
     24/49     11.6G   0.02382     0.004  0.009399   0.03722        50       640    0.7489     0.617    0.6952    0.5209     0.045  0.008626   0.01856
     25/49     11.6G   0.02373  0.004099   0.01001   0.03784        48       640    0.7825    0.6201    0.7096    0.5335   0.04115  0.008387   0.01818
     26/49     11.6G   0.02277  0.003959  0.008966    0.0357        53       640    0.7824    0.6515     0.743    0.5631   0.04246  0.008063   0.01684
     27/49     11.6G   0.02277  0.003932  0.008718   0.03542        33       640    0.7547    0.7086    0.7525    0.5649   0.04147  0.008027   0.01638
     28/49     11.6G   0.02237   0.00384   0.00805   0.03426        42       640    0.7919    0.6874     0.765     0.583   0.04016  0.008062    0.0157
     29/49     11.6G   0.02181  0.003944  0.008325   0.03408        42       640    0.7923    0.6904    0.7667    0.5737   0.04013  0.007989   0.01639
     30/49     11.6G   0.02146  0.003876   0.00766   0.03299        47       640    0.7717    0.7178    0.7718    0.5832   0.03952  0.007916    0.0164
     31/49     11.6G   0.02171   0.00382  0.007635   0.03317        43       640    0.8501    0.6719     0.789    0.5929   0.03836  0.008215    0.0152
     32/49     11.6G    0.0211  0.003799  0.007209   0.03211        36       640    0.8354    0.7115    0.7922    0.6035   0.03673  0.007932   0.01392
     33/49     11.6G    0.0213  0.003839  0.007586   0.03273        35       640    0.8372     0.702    0.7935    0.6042   0.03747  0.008198   0.02359
     34/49     11.6G   0.02079  0.003794  0.006777   0.03136        51       640    0.8933    0.6902    0.8058    0.6126   0.03581  0.008056   0.01402
     35/49     11.6G   0.02058  0.003737  0.006839   0.03116        39       640    0.8487    0.7331    0.8043    0.6146   0.03532  0.007968     0.014
     36/49     11.6G   0.02031  0.003626  0.006468   0.03041        44       640    0.8921    0.7078    0.8104    0.6181   0.03542  0.008049   0.01407
     37/49     2.68G   0.01985   0.00363  0.006231   0.02971        45       640    0.8344    0.7446    0.8132    0.6273   0.03553  0.008076   0.01357
     38/49     13.2G   0.01979  0.003629  0.006253   0.02967        40       640    0.8833     0.698    0.8101    0.6188   0.03466  0.008149   0.01353
     39/49     10.9G   0.01934  0.003555  0.006023   0.02892        27       640    0.8447    0.7334    0.8153    0.6241   0.03452  0.008311   0.01324
     40/49     14.3G   0.01933  0.003544   0.00571   0.02858        41       640      0.83    0.7436    0.8163    0.6256   0.03433    0.0081    0.0137
     41/49     14.3G   0.01888  0.003595  0.005652   0.02812        40       640    0.8778    0.7298    0.8207    0.6327   0.03345  0.008092    0.0129
     42/49     14.3G    0.0185  0.003531  0.005591   0.02762        52       640    0.8733    0.7303    0.8236    0.6338    0.0327  0.008333   0.01326
     43/49     14.3G   0.01865  0.003523  0.005451   0.02762        54       640    0.8525    0.7316    0.8227    0.6346   0.03312  0.008068    0.0135
     44/49     14.3G   0.01849  0.003461  0.005457   0.02741        49       640    0.8636    0.7427    0.8336    0.6382   0.03336  0.008087   0.01243
     45/49     14.3G    0.0183  0.003544  0.005698   0.02754        44       640    0.9018    0.7138    0.8333    0.6382   0.03354  0.008001   0.01212
     46/49     14.3G   0.01844  0.003449  0.005093   0.02698        30       640    0.8714    0.7395    0.8357    0.6413   0.03386  0.007997   0.01238
     47/49     14.3G   0.01842  0.003477  0.005141   0.02704        60       640    0.8788    0.7356    0.8321    0.6419   0.03278  0.008034   0.01234
     48/49     14.3G   0.01799  0.003483  0.005005   0.02648        47       640    0.8705    0.7549    0.8353     0.647   0.03299  0.008087   0.01272
     49/49     14.3G   0.01811   0.00341  0.005287   0.02681        42       640    0.8532    0.7635    0.8351    0.6444   0.03297  0.008056   0.01279
