      0/49    0.633G   0.05568  0.008692   0.05352    0.1179        45       640   0.09343     0.375   0.09084   0.04973   0.09243  0.009343   0.06441
      1/49     2.75G   0.04388  0.006479   0.04143   0.09179        34       640    0.2269    0.4284    0.2217    0.1324   0.08737  0.009366   0.05958
      2/49     4.02G   0.04104  0.006119   0.03718   0.08435        38       640    0.2916    0.4907    0.3009    0.1878   0.08357  0.009629    0.0543
      3/49     4.02G   0.03575  0.005867   0.03067   0.07228        51       640    0.4994    0.5075    0.4752    0.3024   0.08128  0.008102   0.05229
      4/49     4.02G    0.0343  0.005541   0.02471   0.06455        46       640    0.5062    0.5946    0.5228    0.3605   0.07658  0.008658   0.04731
      5/49     4.02G   0.03381  0.005466   0.02276   0.06204        37       640    0.5745     0.583    0.5727    0.3952   0.07625  0.008657   0.05086
      6/49     4.02G   0.03191   0.00528   0.02037   0.05756        37       640     0.713    0.5689    0.6398     0.452   0.07367   0.00843   0.04763
      7/49     4.02G   0.03083  0.005214   0.01873   0.05477        30       640    0.7148    0.5713    0.6384    0.4369   0.07221  0.009054   0.04488
      8/49     4.02G   0.03177  0.005107   0.01792   0.05479        33       640    0.7653    0.6042    0.6896    0.4761   0.06907  0.008856   0.04182
      9/49     4.02G    0.0303  0.004998   0.01725   0.05255        35       640    0.7496    0.6152    0.6846    0.4863    0.0678  0.009924   0.04385
     10/49     4.02G   0.02869  0.005038   0.01555   0.04929        38       640    0.7563    0.6609    0.7163    0.5083   0.06678  0.009785   0.04288
     11/49     4.02G   0.02959   0.00484   0.01568   0.05011        45       640     0.806    0.6554    0.7324    0.5246   0.06634   0.00935    0.0378
     12/49     4.02G   0.02872  0.004793   0.01375   0.04727        46       640     0.745    0.6806    0.7275    0.5091   0.06404  0.009621   0.03788
     13/49     4.02G   0.02827   0.00484   0.01344   0.04655        51       640    0.7804     0.642    0.7295    0.5066     0.062    0.0103    0.0386
     14/49     4.02G   0.02825  0.004713   0.01277   0.04573        46       640    0.7921    0.6161    0.7184    0.5059   0.06272   0.01031   0.03841
     15/49     4.02G   0.02802  0.004793   0.01338   0.04619        53       640    0.7932     0.631    0.7233    0.5185   0.06224   0.01018   0.04137
     16/49     4.02G   0.02799  0.004888   0.01235   0.04523        58       640    0.8554    0.6225    0.7325    0.5226   0.06104   0.01039   0.03971
     17/49     4.02G    0.0272  0.004764    0.0122   0.04417        41       640    0.7889    0.6903    0.7491    0.5401   0.05914   0.01008   0.03485
     18/49     4.02G   0.02685  0.004656   0.01128   0.04279        55       640    0.7401    0.7249    0.7485    0.5467    0.0579   0.01055    0.0364
     19/49     4.02G   0.02713  0.004673   0.01129    0.0431        51       640    0.8081    0.6961    0.7664    0.5535   0.05819   0.01017   0.03394
     20/49     4.02G   0.02583  0.004669   0.01126   0.04175        43       640    0.8329    0.6701    0.7584     0.552   0.05877   0.01001   0.03766
     21/49     4.02G   0.02561  0.004563   0.01119   0.04136        53       640    0.7743    0.7105    0.7559    0.5561   0.05873   0.01015   0.03619
     22/49     4.02G   0.02488  0.004488   0.01008   0.03944        25       640    0.8232    0.6979     0.779    0.5652    0.0555    0.0107   0.03362
     23/49     4.02G   0.02503  0.004496   0.01084   0.04037        34       640    0.8271    0.7114     0.784    0.5707   0.05681   0.01078   0.03735
     24/49     4.02G   0.02431  0.004333  0.009853   0.03849        50       640      0.84    0.7015    0.7988    0.5897   0.05605   0.01007   0.03375
     25/49     4.02G   0.02462  0.004388  0.008975   0.03798        46       640    0.8471    0.7329    0.8024    0.5961   0.05595   0.01014   0.03354
     26/49     4.02G   0.02425  0.004356  0.009565   0.03818        29       640    0.8054    0.7514    0.7987    0.5986   0.05598  0.009839   0.03151
     27/49     4.02G   0.02397    0.0044   0.00852   0.03689        46       640    0.8151    0.7424     0.806    0.5947   0.05548  0.009688   0.03312
     28/49     4.02G   0.02361  0.004371  0.008143   0.03612        43       640    0.8812     0.689    0.8015     0.597   0.05523  0.009928   0.03279
     29/49     4.02G   0.02297  0.004304  0.008266   0.03554        63       640    0.8286    0.7462    0.8179    0.6108   0.05679  0.009069   0.03034
     30/49     4.02G   0.02329  0.004219  0.007848   0.03536        51       640    0.8687    0.7321    0.8217    0.6147   0.05576  0.009355   0.03048
     31/49     4.02G   0.02315   0.00421  0.007838   0.03519        39       640    0.8831    0.7215    0.8235    0.6121   0.05271   0.01034   0.03041
     32/49     4.02G   0.02236  0.004064  0.006695   0.03311        55       640    0.8628    0.7377    0.8331    0.6257   0.05248   0.01034   0.02962
     33/49     4.02G   0.02219  0.004132  0.007161   0.03349        43       640    0.8632    0.7444     0.839    0.6211    0.0518    0.0102   0.03071
     34/49     4.02G   0.02213  0.004131  0.006773   0.03303        40       640    0.8693    0.7558    0.8366    0.6325    0.0507   0.01062   0.03041
     35/49     4.02G   0.02143  0.004026  0.006341   0.03179        41       640    0.8891    0.7314    0.8381    0.6309   0.05015   0.01055   0.02854
     36/49     4.02G   0.02211  0.004107  0.007093   0.03331        53       640    0.8856    0.7396    0.8333    0.6256   0.04947   0.01073   0.02866
     37/49    0.721G   0.02158  0.004083  0.006376   0.03204        45       640    0.8508      0.76    0.8338    0.6305   0.04838   0.01069   0.02815
     38/49     2.84G   0.02123  0.004056  0.006216   0.03151        34       640    0.9175    0.7092    0.8329    0.6271   0.04867    0.0105   0.02792
     39/49      4.1G   0.02111  0.004033  0.006219   0.03136        38       640    0.9255    0.7148    0.8398    0.6316   0.04703   0.01107   0.02768
     40/49      4.1G   0.02039  0.003999  0.005829   0.03022        51       640    0.9119    0.7324     0.841    0.6363   0.04819    0.0107   0.02822
     41/49      4.1G   0.02031  0.003965  0.005315   0.02959        46       640    0.8963    0.7452    0.8421     0.638   0.04706   0.01106   0.02772
     42/49      4.1G   0.01994  0.003976  0.005351   0.02926        37       640    0.9172    0.7299      0.84    0.6397   0.04675   0.01111   0.02783
     43/49      4.1G   0.01965  0.003913  0.005298   0.02886        37       640    0.9167    0.7336    0.8417    0.6359   0.04681   0.01102   0.02757
     44/49      4.1G   0.01979  0.003918  0.004915   0.02862        30       640    0.8789    0.7601    0.8474    0.6396   0.04689   0.01088    0.0275
     45/49      4.1G   0.01976  0.003902  0.005204   0.02887        33       640    0.9009    0.7482    0.8436    0.6402   0.04678   0.01093   0.02712
     46/49      4.1G   0.01986  0.003819   0.00544   0.02912        35       640    0.8816    0.7594     0.845    0.6432   0.04632   0.01105    0.0269
     47/49      4.1G   0.01915  0.003929  0.004499   0.02758        38       640    0.9127    0.7473    0.8476    0.6434   0.04634   0.01104   0.02702
     48/49      4.1G   0.01953  0.003837  0.005035    0.0284        45       640    0.9016    0.7519    0.8478    0.6425   0.04618   0.01104   0.02691
     49/49      4.1G   0.01927  0.003853  0.004802   0.02793        46       640    0.9113     0.744    0.8484    0.6435   0.04607   0.01111   0.02702
